0.75
7 10
5 8
7 10
7 7
10 17
13 21
13 19
12 18
6 11
12 16
8 24
13 21
5 8
10 18
11 16
13 20
5 10
14 22
9 20
12 25
11 24
9 14
13 20
4 7
5 6
6 9
5 9
5 8
8 17
8 13
14 30
7 11
13 37
14 20
9 15
13 26
13 23
12 27
9 14
12 18
5 6
13 26
12 19
14 27
4 11
4 8
7 9
10 13
9 12
4 5
14 19
4 7
6 8
7 13
11 14
11 17
4 5
5 11
6 11
6 11
7 13
14 21
9 16
9 15
11 17
11 22
8 10
8 17
4 7
6 7
9 18
6 14
4 12
8 16
11 23
5 9
11 17
14 22
9 17
12 19
7 13
13 23
8 21
5 11
5 9
13 24
10 20
10 22
7 13
8 20
10 20
10 17
12 22
8 16
4 6
5 6
14 21
7 15
14 24
7 14
12 20
14 24
8 14
13 17
11 19
12 19
8 13
13 21
6 11
13 25
5 14
7 10
12 20
7 11
9 13
7 13
10 15
7 13
11 18
7 8
7 13
6 7
5 6
11 20
4 7
6 12
8 14
9 12
6 12
4 5
11 27
13 21
12 24
11 21
6 12
8 26
10 18
13 25
10 18
5 12
10 19
4 6
10 16
7 7
14 28
10 12
9 17
13 20
4 6
4 5
6 11
13 21
6 7
5 8
9 19
11 17
9 14
14 30
14 23
9 18
14 21
10 16
5 9
11 16
13 19
13 23
14 28
8 13
11 16
4 8
9 16
14 25
10 19
8 18
8 18
12 14
13 29
10 15
12 26
11 19
7 10
14 23
8 14
6 9
8 16
6 11
4 9
10 13
10 11
5 8
13 27
8 12
4 7
7 10
5 10
4 7
13 36
5 14
11 20
9 13
12 20
12 22
13 22
8 12
5 9
4 5
11 16
11 24
5 9
13 18
7 10
9 15
11 20
7 14
4 7
13 29
10 19
10 20
5 9
6 9
12 19
10 21
6 9
5 16
12 22
5 6
9 21
7 11
14 20
12 26
4 5
9 21
11 14
6 14
4 11
13 31
7 10
12 21
12 27
8 13
6 14
5 14
7 19
7 10
12 15
12 16
13 15
5 9
4 8
14 25
9 19
14 24
4 7
14 31
4 10
11 18
11 20
11 20
14 29
10 20
11 17
10 13
13 20
10 13
8 18
13 26
10 12
8 14
8 13
9 10
8 18
6 7
9 10
9 18
9 17
8 19
13 18
8 12
14 26
14 30
4 7
10 16
11 17
6 10
10 13
12 20
11 19
5 7
7 10
10 18
10 15
13 24
6 13
6 11
13 20
10 28
5 9
13 35
11 18
14 26
9 16
4 5
4 8
4 7
10 15
13 19
8 14
9 18
10 19
8 19
5 12
11 20
5 7
9 17
8 19
5 13
6 20
4 10
8 10
5 9
7 12
4 9
9 16
12 31
6 12
8 17
13 24
9 14
4 6
7 10
12 29
8 20
4 6
6 12
4 10
4 10
4 12
8 15
5 9
5 15
4 6
8 13
7 11
10 16
13 28
13 27
5 10
12 27
13 22
12 19
7 17
11 16
14 24
11 17
5 10
14 29
11 16
4 9
14 31
7 10
8 16
8 12
5 6
12 24
11 18
5 7
6 10
14 25
4 7
14 21
7 14
9 14
14 33
10 14
13 14
11 19
13 22
11 18
5 12
10 12
9 20
6 11
14 28
7 16
6 9
9 18
13 26
8 10
6 12
8 15
7 11
8 10
5 10
11 19
7 12
11 26
6 15
4 7
6 13
13 23
9 11
9 13
6 11
12 22
7 14
9 18
4 4
12 23
14 25
5 17
11 25
8 22
14 21
12 29
14 20
8 14
5 9
5 8
7 12
11 15
4 7
10 15
12 22
13 21
8 10
5 11
6 13
12 17
14 20
9 10
5 13
7 17
14 25
6 12
8 14
9 21
13 27
8 18
9 19
4 10
7 13
5 17
10 18
4 4
12 19
14 27
9 20
12 18
5 7
13 18
10 17
9 18
12 21
7 14
12 20
10 21
9 15
10 10
11 27
10 21
6 12
12 24
5 11
6 10
11 23
10 13
7 14
13 31
11 17
6 16
14 21
14 28
13 22
5 10
9 17
13 26
9 19
11 20
4 6
7 16
9 17
5 10
6 9
9 16
9 18
14 25
10 23
11 14
4 9
6 10
12 18
14 22
13 25
12 26
12 34
7 8
7 17
12 26
12 18
5 11
7 15
9 17
5 7
5 9
12 24
4 9
8 16
10 17
13 19
5 11
7 9
13 14
4 7
7 16
6 12
13 25
7 13
11 22
4 5
10 18
4 6
5 10
4 6
11 20
10 19
7 8
12 21
8 12
8 9
8 14
11 29
10 17
12 21
9 14
11 12
7 16
9 19
13 29
6 11
10 14
9 16
8 12
7 15
14 32
14 31
14 24
14 26
7 18
8 19
5 8
5 11
9 15
9 17
7 7
7 19
5 11
7 9
6 10
4 12
4 12
4 6
5 6
12 21
10 21
12 17
4 4
5 8
4 6
13 17
12 20
5 9
8 12
11 20
6 13
10 16
11 18
9 14
10 16
7 9
6 17
6 10
12 21
4 9
8 16
5 7
8 15
14 28
9 25
5 7
10 19
7 10
4 11
13 17
11 17
11 21
11 20
4 7
14 28
14 21
4 5
8 22
11 16
8 11
13 24
5 6
5 6
6 8
14 23
12 19
6 10
9 18
7 15
10 22
13 19
6 8
9 14
8 12
8 16
5 10
7 10
5 9
10 21
11 20
6 11
7 11
12 21
5 12
11 14
4 6
5 7
13 20
4 7
12 28
4 9
6 17
6 12
11 21
8 14
5 10
14 28
5 9
9 16
14 22
5 7
4 7
6 15
6 12
9 14
13 27
11 24
8 11
13 19
4 6
12 24
7 11
5 6
12 25
11 19
13 26
14 24
11 15
4 4
8 11
13 24
4 13
4 9
5 9
8 22
8 11
14 30
11 16
5 8
6 8
6 10
4 6
8 16
13 21
7 14
5 8
11 22
9 16
6 8
10 18
6 13
14 31
5 8
14 26
12 25
12 20
4 5
4 4
5 7
6 10
4 7
7 14
6 6
11 21
11 23
7 18
6 18
7 13
6 9
7 15
11 22
13 29
13 28
14 22
12 22
14 32
5 8
7 9
13 23
4 11
4 7
5 5
12 19
11 12
4 8
11 19
7 12
14 24
5 8
9 13
4 9
6 10
6 9
9 12
10 14
9 20
9 23
12 23
13 31
8 14
11 24
7 9
8 12
13 19
6 12
13 29
14 26
10 12
5 12
9 17
9 14
7 18
5 6
7 11
5 5
14 25
11 20
6 13
9 13
13 20
12 20
4 8
12 19
12 14
7 9
5 7
8 13
14 25
11 16
13 17
7 11
5 5
12 24
10 24
14 18
4 7
9 13
7 14
12 16
11 23
10 18
11 23
5 8
12 16
11 18
9 17
12 21
12 17
6 10
7 12
14 27
13 22
6 10
10 18
12 17
7 12
10 21
4 6
10 10
6 11
8 11
6 11
5 7
7 16
6 9
8 11
6 11
11 22
7 14
9 15
10 17
9 15
5 6
12 17
4 10
12 19
7 19
12 27
7 18
7 18
9 17
8 10
14 25
8 13
13 15
14 28
8 14
12 25
9 13
4 8
5 6
9 12
11 18
8 9
4 6
11 15
8 12
6 11
13 19
13 24
9 14
10 16
13 19
8 9
11 15
7 14
9 15
10 21
5 7
13 25
10 23
4 5
5 12
10 11
5 8
9 27
14 23
14 21
12 19
8 11
11 19
7 19
8 11
5 12
14 37
10 13
14 17
8 12
14 23
5 5
10 16
6 8
7 11
12 17
12 19
10 16
12 19
13 20
9 18
14 24
5 8
9 17
14 22
7 10
10 22
11 22
9 15
9 20
10 18
6 7
14 22
10 18
7 16
12 24
8 14
7 13
10 29
6 7
11 19
4 7
5 11
13 17
9 17
9 17
12 23
4 10
4 9
9 17
8 16
12 27
7 12
7 11
9 11
9 16
8 13
7 13
12 20
12 23
13 21
5 9
4 8
12 23
14 27
13 19
12 30
5 8
11 22
10 17
9 14
7 13
5 7
6 11
6 10
10 16
6 14
7 9
6 9
5 7
5 5
11 15
5 10
12 18
14 26
9 18
13 21
7 14
4 6
14 21
11 16
4 11
14 23
13 27
4 5
4 4
11 19
11 13
5 11
8 13
6 7
4 5
6 7
13 24
8 13
4 8
6 6
14 23
13 21
5 7
4 6
5 9
5 7
12 17
10 22
7 14
10 18
13 24
5 6
10 16
5 19
4 6
7 16
11 15
5 13
12 16
6 9
11 19
14 23
4 10
10 21
6 12
6 10
11 17
12 28
12 27
7 10
11 15
9 15
4 8
6 7
5 8
10 13
8 19
13 25
11 34
10 26
5 8
7 12
