0.000000e+00 0.000000e+00 0.000000e+00 2.608010e-286 1.370428e-227 3.199164e-180 1.665787e-140 1.802565e-106 7.578703e-79 1.087722e-56 4.752232e-39 3.116024e-25 8.467162e-15 1.643821e-07 3.786801e-03 4.524660e-01 5.396115e-01 4.135480e-03 0.000000e+00 
0.000000e+00 0.000000e+00 0.000000e+00 3.200519e-278 3.958872e-185 2.328262e-114 4.989496e-61 2.854309e-24 1.593986e-04 9.998406e-01 1.588219e-12 1.324321e-40 2.653448e-86 4.386373e-149 2.963358e-230 0.000000e+00 0.000000e+00 0.000000e+00 0.000000e+00 
0.000000e+00 1.659318e-146 6.025242e-71 1.165883e-27 4.317645e-05 9.999568e-01 6.608501e-16 2.325328e-52 9.450971e-111 1.250488e-192 4.190252e-301 0.000000e+00 0.000000e+00 0.000000e+00 0.000000e+00 0.000000e+00 0.000000e+00 0.000000e+00 0.000000e+00 
0.000000e+00 9.999974e-01 2.632974e-06 5.008658e-23 4.218617e-53 2.000550e-100 3.247492e-171 4.292697e-267 0.000000e+00 0.000000e+00 0.000000e+00 0.000000e+00 0.000000e+00 0.000000e+00 0.000000e+00 0.000000e+00 0.000000e+00 0.000000e+00 0.000000e+00 
0.000000e+00 0.000000e+00 0.000000e+00 0.000000e+00 0.000000e+00 0.000000e+00 0.000000e+00 0.000000e+00 0.000000e+00 4.735162e-292 9.807118e-156 5.194370e-63 1.202863e-11 1.000000e+00 4.586480e-27 1.052084e-89 7.391786e-196 0.000000e+00 0.000000e+00 
0.000000e+00 0.000000e+00 0.000000e+00 0.000000e+00 0.000000e+00 0.000000e+00 0.000000e+00 0.000000e+00 0.000000e+00 0.000000e+00 1.527152e-210 5.135614e-91 1.339573e-21 1.000000e+00 5.003237e-25 1.053956e-92 1.408006e-211 0.000000e+00 0.000000e+00 
0.000000e+00 1.000000e+00 2.517930e-14 4.819476e-48 1.865774e-106 4.453126e-197 0.000000e+00 0.000000e+00 0.000000e+00 0.000000e+00 0.000000e+00 0.000000e+00 0.000000e+00 0.000000e+00 0.000000e+00 0.000000e+00 0.000000e+00 0.000000e+00 0.000000e+00 
0.000000e+00 0.000000e+00 0.000000e+00 0.000000e+00 1.581010e-322 9.361634e-140 2.349807e-31 1.000000e+00 2.107886e-48 7.020986e-174 0.000000e+00 0.000000e+00 0.000000e+00 0.000000e+00 0.000000e+00 0.000000e+00 0.000000e+00 0.000000e+00 0.000000e+00 
0.000000e+00 0.000000e+00 0.000000e+00 0.000000e+00 0.000000e+00 0.000000e+00 0.000000e+00 0.000000e+00 0.000000e+00 0.000000e+00 0.000000e+00 4.719240e-158 3.256543e-42 1.000000e+00 9.323445e-29 9.757517e-123 1.594968e-293 0.000000e+00 0.000000e+00 
0.000000e+00 0.000000e+00 0.000000e+00 0.000000e+00 0.000000e+00 0.000000e+00 0.000000e+00 0.000000e+00 0.000000e+00 0.000000e+00 0.000000e+00 0.000000e+00 5.035946e-253 1.664851e-104 9.417330e-25 1.000000e+00 8.583957e-29 1.263786e-120 0.000000e+00 
0.000000e+00 0.000000e+00 0.000000e+00 0.000000e+00 0.000000e+00 0.000000e+00 0.000000e+00 0.000000e+00 1.645068e-239 1.600759e-62 1.000000e+00 4.394174e-53 1.396410e-224 0.000000e+00 0.000000e+00 0.000000e+00 0.000000e+00 0.000000e+00 0.000000e+00 
0.000000e+00 0.000000e+00 0.000000e+00 0.000000e+00 0.000000e+00 0.000000e+00 0.000000e+00 0.000000e+00 0.000000e+00 0.000000e+00 0.000000e+00 0.000000e+00 0.000000e+00 2.631441e-245 1.591630e-106 1.840002e-28 1.000000e+00 2.310008e-22 0.000000e+00 
0.000000e+00 0.000000e+00 0.000000e+00 0.000000e+00 0.000000e+00 0.000000e+00 2.226336e-283 1.010689e-70 1.000000e+00 3.873868e-67 6.943694e-271 0.000000e+00 0.000000e+00 0.000000e+00 0.000000e+00 0.000000e+00 0.000000e+00 0.000000e+00 0.000000e+00 
0.000000e+00 0.000000e+00 0.000000e+00 0.000000e+00 0.000000e+00 0.000000e+00 0.000000e+00 0.000000e+00 0.000000e+00 0.000000e+00 0.000000e+00 8.616542e-232 1.698982e-55 1.000000e+00 3.547832e-57 5.671960e-220 0.000000e+00 0.000000e+00 0.000000e+00 
0.000000e+00 0.000000e+00 0.000000e+00 0.000000e+00 0.000000e+00 0.000000e+00 0.000000e+00 0.000000e+00 0.000000e+00 0.000000e+00 2.292469e-294 2.782130e-76 1.000000e+00 1.120217e-66 2.556205e-263 0.000000e+00 0.000000e+00 0.000000e+00 0.000000e+00 
0.000000e+00 2.719840e-189 1.896389e-44 1.000000e+00 4.137141e-41 4.501087e-172 0.000000e+00 0.000000e+00 0.000000e+00 0.000000e+00 0.000000e+00 0.000000e+00 0.000000e+00 0.000000e+00 0.000000e+00 0.000000e+00 0.000000e+00 0.000000e+00 0.000000e+00 
0.000000e+00 0.000000e+00 0.000000e+00 0.000000e+00 0.000000e+00 0.000000e+00 0.000000e+00 0.000000e+00 0.000000e+00 0.000000e+00 0.000000e+00 0.000000e+00 5.859675e-228 4.707456e-51 1.000000e+00 2.489240e-61 1.288693e-238 0.000000e+00 0.000000e+00 
0.000000e+00 0.000000e+00 0.000000e+00 0.000000e+00 0.000000e+00 0.000000e+00 0.000000e+00 0.000000e+00 0.000000e+00 0.000000e+00 0.000000e+00 9.482740e-316 1.911526e-80 1.000000e+00 4.223432e-65 1.284151e-266 0.000000e+00 0.000000e+00 0.000000e+00 
0.000000e+00 0.000000e+00 0.000000e+00 0.000000e+00 0.000000e+00 0.000000e+00 0.000000e+00 0.000000e+00 0.000000e+00 0.000000e+00 0.000000e+00 0.000000e+00 0.000000e+00 0.000000e+00 3.968736e-159 8.415304e-39 1.000000e+00 2.806699e-44 0.000000e+00 
0.000000e+00 0.000000e+00 0.000000e+00 0.000000e+00 0.000000e+00 0.000000e+00 0.000000e+00 2.639799e-103 1.000000e+00 2.952398e-111 0.000000e+00 0.000000e+00 0.000000e+00 0.000000e+00 0.000000e+00 0.000000e+00 0.000000e+00 0.000000e+00 0.000000e+00 
