0.000000e+00 8.424147e-08 2.049644e-05 8.122456e-04 1.253179e-02 7.737126e-02 2.203478e-01 3.274226e-01 2.537687e-01 8.955007e-02 1.694159e-02 1.233379e-03 0.000000e+00 
0.000000e+00 1.999305e-02 1.178810e-01 2.845650e-01 3.385493e-01 1.863722e-01 4.739476e-02 5.058933e-03 1.834676e-04 2.229641e-06 6.001429e-09 7.708188e-13 0.000000e+00 
0.000000e+00 1.202441e-11 8.897719e-08 3.353574e-05 2.660958e-03 4.830054e-02 2.450875e-01 4.204800e-01 2.424798e-01 3.882181e-02 2.114425e-03 2.130198e-05 0.000000e+00 
0.000000e+00 6.581941e-21 1.380333e-14 2.437756e-10 4.212442e-07 1.120521e-04 5.517392e-03 7.392651e-02 3.187474e-01 3.781760e-01 1.852356e-01 3.659505e-02 1.689606e-03 
0.000000e+00 1.748785e-02 1.599166e-01 4.082602e-01 3.370815e-01 7.296680e-02 4.233235e-03 5.376266e-05 9.899420e-08 2.506364e-11 4.144909e-16 2.599457e-23 0.000000e+00 
0.000000e+00 1.995004e-32 4.284238e-23 6.650013e-17 3.268614e-12 1.734266e-08 9.240897e-06 8.671265e-04 2.053768e-02 1.382490e-01 3.246694e-01 3.481163e-01 1.675513e-01 
0.000000e+00 6.423331e-33 5.243999e-23 1.857988e-16 1.565552e-11 1.162913e-07 6.907121e-05 5.814524e-03 9.836828e-02 3.862624e-01 3.974023e-01 1.120833e-01 0.000000e+00 
0.000000e+00 2.599388e-09 2.434043e-05 6.742630e-03 2.004147e-01 5.859152e-01 1.991477e-01 7.731220e-03 2.413540e-05 5.031454e-09 4.310237e-14 8.282452e-22 0.000000e+00 
0.000000e+00 7.110474e-23 1.336983e-14 2.927410e-09 1.834123e-05 7.996787e-03 2.297117e-01 6.060413e-01 1.523013e-01 3.923010e-03 7.550102e-06 2.231571e-10 0.000000e+00 
0.000000e+00 6.310687e-33 6.725875e-22 1.035083e-14 1.883095e-09 1.754641e-05 7.016606e-03 2.073128e-01 5.842987e-01 1.951803e-01 6.166530e-03 7.521188e-06 0.000000e+00 
